0.999851 
0.999393 
0.998626 
0.997551 
0.996179 
0.994490 
0.992494 
0.990329 
0.987738 
0.984841 
0.981641 
0.978165 
0.974361 
0.970256 
0.965851 
0.961152 
0.956439 
0.951159 
0.945514 
0.939646 
0.933487 
0.927046 
0.920694 
0.913693 
0.906408 
0.898905 
0.891064 
0.882949 
0.874570 
0.865911 
0.856987 
0.847796 
0.838413 
0.829250 
0.819300 
0.809095 
0.798651 
0.787951 
0.777007 
0.765911 
0.754492 
0.742841 
0.731625 
0.719541 
0.707226 
0.694449 
0.681707 
0.669468 
0.656310 
0.642946 
0.629493 
0.615738 
0.601795 
0.587678 
0.573366 
0.558878 
0.545035 
0.530323 
0.515339 
0.500198 
0.484900 
0.469469 
0.453878 
0.438146 
0.422405 
0.406407 
0.390287 
0.374949 
0.358613 
0.342149 
0.325582 
0.308701 
0.291935 
0.276019 
0.259099 
0.242083 
0.224993 
0.207833 
0.190743 
0.173459 
0.156124 
0.138739 
0.122297 
0.104835 
0.087339 
0.069942 
0.052398 
0.034839 
0.017267 
0.000292 
-0.017267 
-0.034839 
-0.052398 
-0.069942 
-0.087339 
-0.104835 
-0.122297 
-0.138739 
-0.156124 
-0.173459 
-0.190743 
-0.207833 
-0.224993 
-0.242083 
-0.259099 
-0.276019 
-0.291935 
-0.308701 
-0.325582 
-0.342149 
-0.358613 
-0.374949 
-0.390287 
-0.406407 
-0.422405 
-0.438146 
-0.453878 
-0.469469 
-0.484900 
-0.500198 
-0.515339 
-0.530323 
-0.545035 
-0.558878 
-0.573366 
-0.587678 
-0.601795 
-0.615738 
-0.629493 
-0.642946 
-0.656310 
-0.669468 
-0.681707 
-0.694449 
-0.707226 
-0.719541 
-0.731625 
-0.742841 
-0.754492 
-0.765911 
-0.777007 
-0.787951 
-0.798651 
-0.809095 
-0.819300 
-0.829250 
-0.838413 
-0.847796 
-0.856987 
-0.865911 
-0.874570 
-0.882949 
-0.891064 
-0.898905 
-0.906408 
-0.913693 
-0.920694 
-0.927046 
-0.933487 
-0.939646 
-0.945514 
-0.951159 
-0.956439 
-0.961152 
-0.965851 
-0.970256 
-0.974361 
-0.978165 
-0.981641 
-0.984841 
-0.987738 
-0.990329 
-0.992494 
-0.994490 
-0.996179 
-0.997551 
-0.998626 
-0.999393 
-0.999851 
-1.000000 
-0.999851 
-0.999393 
-0.998626 
-0.997551 
-0.996179 
-0.994490 
-0.992494 
-0.990329 
-0.987738 
-0.984841 
-0.981641 
-0.978165 
-0.974361 
-0.970256 
-0.965851 
-0.961152 
-0.956439 
-0.951159 
-0.945514 
-0.939646 
-0.933487 
-0.927046 
-0.920694 
-0.913693 
-0.906408 
-0.898905 
-0.891064 
-0.882949 
-0.874570 
-0.865911 
-0.856987 
-0.847796 
-0.838413 
-0.829250 
-0.819300 
-0.809095 
-0.798651 
-0.787951 
-0.777007 
-0.765911 
-0.754492 
-0.742841 
-0.731625 
-0.719541 
-0.707226 
-0.694449 
-0.681707 
-0.669468 
-0.656310 
-0.642946 
-0.629493 
-0.615738 
-0.601795 
-0.587678 
-0.573366 
-0.558878 
-0.545035 
-0.530323 
-0.515339 
-0.500198 
-0.484900 
-0.469469 
-0.453878 
-0.438146 
-0.422405 
-0.406407 
-0.390287 
-0.374949 
-0.358613 
-0.342149 
-0.325582 
-0.308701 
-0.291935 
-0.276019 
-0.259099 
-0.242083 
-0.224993 
-0.207833 
-0.190743 
-0.173459 
-0.156124 
-0.138739 
-0.122297 
-0.104835 
-0.087339 
-0.069942 
-0.052398 
-0.034839 
-0.017267 
-0.000292 
0.017267 
0.034839 
0.052398 
0.069942 
0.087339 
0.104835 
0.122297 
0.138739 
0.156124 
0.173459 
0.190743 
0.207833 
0.224993 
0.242083 
0.259099 
0.276019 
0.291935 
0.308701 
0.325582 
0.342149 
0.358613 
0.374949 
0.390287 
0.406407 
0.422405 
0.438146 
0.453878 
0.469469 
0.484900 
0.500198 
0.515339 
0.530323 
0.545035 
0.558878 
0.573366 
0.587678 
0.601795 
0.615738 
0.629493 
0.642946 
0.656310 
0.669468 
0.681707 
0.694449 
0.707226 
0.719541 
0.731625 
0.742841 
0.754492 
0.765911 
0.777007 
0.787951 
0.798651 
0.809095 
0.819300 
0.829250 
0.838413 
0.847796 
0.856987 
0.865911 
0.874570 
0.882949 
0.891064 
0.898905 
0.906408 
0.913693 
0.920694 
0.927046 
0.933487 
0.939646 
0.945514 
0.951159 
0.956439 
0.961152 
0.965851 
0.970256 
0.974361 
0.978165 
0.981641 
0.984841 
0.987738 
0.990329 
0.992494 
0.994490 
0.996179 
0.997551 
0.998626 
0.999393 
0.999851 
1.000000 
