00000000010000000000000000000000 
00000000100000000000000000000000 
00000000110000000000000000000000 
00000001000000000000000000000000 
00000001010000000000000000000000 
00000001100000000000000000000000 
00000001110000000000000000000000 
00000010000000000000000000000000 
00000010010000000000000000000000 
00000010100000000000000000000000 
00000010110000000000000000000000 
00000011000000000000000000000000 
00000011010000000000000000000000 
00000011100000000000000000000000 
00000011110000000000000000000000 
00000100000000000000000000000000 
00000100010000000000000000000000 
00000100100000000000000000000000 
00000100110000000000000000000000 
00000101000000000000000000000000 
00000101010000000000000000000000 
00000101100000000000000000000000 
00000101110000000000000000000000 
00000110000000000000000000000000 
00000110010000000000000000000000 
00000110100000000000000000000000 
00000110110000000000000000000000 
00000111000000000000000000000000 
00000111010000000000000000000000 
00000111100000000000000000000000 
00000111110000000000000000000000 
00001000000000000000000000000000 
00001000010000000000000000000000 
00001000100000000000000000000000 
00001000110000000000000000000000 
00001001000000000000000000000000 
00001001010000000000000000000000 
00001001100000000000000000000000 
00001001110000000000000000000000 
00001010000000000000000000000000 
00001010010000000000000000000000 
00001010100000000000000000000000 
00001010110000000000000000000000 
00001011000000000000000000000000 
00001011010000000000000000000000 
00001011100000000000000000000000 
00001011110000000000000000000000 
00001100000000000000000000000000 
00001100010000000000000000000000 
00001100100000000000000000000000 
00001100110000000000000000000000 
00001101000000000000000000000000 
00001101010000000000000000000000 
00001101100000000000000000000000 
00001101110000000000000000000000 
00001110000000000000000000000000 
00001110010000000000000000000000 
00001110100000000000000000000000 
00001110110000000000000000000000 
00001111000000000000000000000000 
00001111010000000000000000000000 
00001111100000000000000000000000 
00001111110000000000000000000000 
00010000000000000000000000000000 
00010000010000000000000000000000 
00010000100000000000000000000000 
00010000110000000000000000000000 
00010001000000000000000000000000 
00010001010000000000000000000000 
00010001100000000000000000000000 
00010001110000000000000000000000 
00010010000000000000000000000000 
00010010010000000000000000000000 
00010010100000000000000000000000 
00010010110000000000000000000000 
00010011000000000000000000000000 
00010011010000000000000000000000 
00010011100000000000000000000000 
00010011110000000000000000000000 
00010100000000000000000000000000 
00010100010000000000000000000000 
00010100100000000000000000000000 
00010100110000000000000000000000 
00010101000000000000000000000000 
00010101010000000000000000000000 
00010101100000000000000000000000 
00010101110000000000000000000000 
00010110000000000000000000000000 
00010110010000000000000000000000 
00010110100000000000000000000000 
00010110110000000000000000000000 
00010111000000000000000000000000 
00010111010000000000000000000000 
00010111100000000000000000000000 
00010111110000000000000000000000 
00011000000000000000000000000000 
00011000010000000000000000000000 
00011000100000000000000000000000 
00011000110000000000000000000000 
00011001000000000000000000000000 
00011001010000000000000000000000 
00011001100000000000000000000000 
00011001110000000000000000000000 
00011010000000000000000000000000 
00011010010000000000000000000000 
00011010100000000000000000000000 
00011010110000000000000000000000 
00011011000000000000000000000000 
00011011010000000000000000000000 
00011011100000000000000000000000 
00011011110000000000000000000000 
00011100000000000000000000000000 
00011100010000000000000000000000 
00011100100000000000000000000000 
00011100110000000000000000000000 
00011101000000000000000000000000 
00011101010000000000000000000000 
00011101100000000000000000000000 
00011101110000000000000000000000 
00011110000000000000000000000000 
00011110010000000000000000000000 
00011110100000000000000000000000 
00011110110000000000000000000000 
00011111000000000000000000000000 
00011111010000000000000000000000 
00011111100000000000000000000000 
00011111110000000000000000000000 
00100000000000000000000000000000 
00100000010000000000000000000000 
00100000100000000000000000000000 
00100000110000000000000000000000 
00100001000000000000000000000000 
00100001010000000000000000000000 
00100001100000000000000000000000 
00100001110000000000000000000000 
00100010000000000000000000000000 
00100010010000000000000000000000 
00100010100000000000000000000000 
00100010110000000000000000000000 
00100011000000000000000000000000 
00100011010000000000000000000000 
00100011100000000000000000000000 
00100011110000000000000000000000 
00100100000000000000000000000000 
00100100010000000000000000000000 
00100100100000000000000000000000 
00100100110000000000000000000000 
00100101000000000000000000000000 
00100101010000000000000000000000 
00100101100000000000000000000000 
00100101110000000000000000000000 
00100110000000000000000000000000 
00100110010000000000000000000000 
00100110100000000000000000000000 
00100110110000000000000000000000 
00100111000000000000000000000000 
00100111010000000000000000000000 
00100111100000000000000000000000 
00100111110000000000000000000000 
00101000000000000000000000000000 
00101000010000000000000000000000 
00101000100000000000000000000000 
00101000110000000000000000000000 
00101001000000000000000000000000 
00101001010000000000000000000000 
00101001100000000000000000000000 
00101001110000000000000000000000 
00101010000000000000000000000000 
00101010010000000000000000000000 
00101010100000000000000000000000 
00101010110000000000000000000000 
00101011000000000000000000000000 
00101011010000000000000000000000 
00101011100000000000000000000000 
00101011110000000000000000000000 
00101100000000000000000000000000 
00101100010000000000000000000000 
00101100100000000000000000000000 
00101100110000000000000000000000 
00101101000000000000000000000000 
00101101010000000000000000000000 
00101101100000000000000000000000 
00101101110000000000000000000000 
00101110000000000000000000000000 
00101110010000000000000000000000 
00101110100000000000000000000000 
00101110110000000000000000000000 
00101111000000000000000000000000 
00101111010000000000000000000000 
00101111100000000000000000000000 
00101111110000000000000000000000 
00110000000000000000000000000000 
00110000010000000000000000000000 
00110000100000000000000000000000 
00110000110000000000000000000000 
00110001000000000000000000000000 
00110001010000000000000000000000 
00110001100000000000000000000000 
00110001110000000000000000000000 
00110010000000000000000000000000 
00110010010000000000000000000000 
00110010100000000000000000000000 
00110010110000000000000000000000 
00110011000000000000000000000000 
00110011010000000000000000000000 
00110011100000000000000000000000 
00110011110000000000000000000000 
00110100000000000000000000000000 
00110100010000000000000000000000 
00110100100000000000000000000000 
00110100110000000000000000000000 
00110101000000000000000000000000 
00110101010000000000000000000000 
00110101100000000000000000000000 
00110101110000000000000000000000 
00110110000000000000000000000000 
00110110010000000000000000000000 
00110110100000000000000000000000 
00110110110000000000000000000000 
00110111000000000000000000000000 
00110111010000000000000000000000 
00110111100000000000000000000000 
00110111110000000000000000000000 
00111000000000000000000000000000 
00111000010000000000000000000000 
00111000100000000000000000000000 
00111000110000000000000000000000 
00111001000000000000000000000000 
00111001010000000000000000000000 
00111001100000000000000000000000 
00111001110000000000000000000000 
00111010000000000000000000000000 
00111010010000000000000000000000 
00111010100000000000000000000000 
00111010110000000000000000000000 
00111011000000000000000000000000 
00111011010000000000000000000000 
00111011100000000000000000000000 
00111011110000000000000000000000 
00111100000000000000000000000000 
00111100010000000000000000000000 
00111100100000000000000000000000 
00111100110000000000000000000000 
00111101000000000000000000000000 
00111101010000000000000000000000 
00111101100000000000000000000000 
00111101110000000000000000000000 
00111110000000000000000000000000 
00111110010000000000000000000000 
00111110100000000000000000000000 
00111110110000000000000000000000 
00111111000000000000000000000000 
00111111010000000000000000000000 
00111111100000000000000000000000 
00111111110000000000000000000000 
01000000000000000000000000000000 
01000000010000000000000000000000 
01000000100000000000000000000000 
01000000110000000000000000000000 
01000001000000000000000000000000 
01000001010000000000000000000000 
01000001100000000000000000000000 
01000001110000000000000000000000 
01000010000000000000000000000000 
01000010010000000000000000000000 
01000010100000000000000000000000 
01000010110000000000000000000000 
01000011000000000000000000000000 
01000011010000000000000000000000 
01000011100000000000000000000000 
01000011110000000000000000000000 
01000100000000000000000000000000 
01000100010000000000000000000000 
01000100100000000000000000000000 
01000100110000000000000000000000 
01000101000000000000000000000000 
01000101010000000000000000000000 
01000101100000000000000000000000 
01000101110000000000000000000000 
01000110000000000000000000000000 
01000110010000000000000000000000 
01000110100000000000000000000000 
01000110110000000000000000000000 
01000111000000000000000000000000 
01000111010000000000000000000000 
01000111100000000000000000000000 
01000111110000000000000000000000 
01001000000000000000000000000000 
01001000010000000000000000000000 
01001000100000000000000000000000 
01001000110000000000000000000000 
01001001000000000000000000000000 
01001001010000000000000000000000 
01001001100000000000000000000000 
01001001110000000000000000000000 
01001010000000000000000000000000 
01001010010000000000000000000000 
01001010100000000000000000000000 
01001010110000000000000000000000 
01001011000000000000000000000000 
01001011010000000000000000000000 
01001011100000000000000000000000 
01001011110000000000000000000000 
01001100000000000000000000000000 
01001100010000000000000000000000 
01001100100000000000000000000000 
01001100110000000000000000000000 
01001101000000000000000000000000 
01001101010000000000000000000000 
01001101100000000000000000000000 
01001101110000000000000000000000 
01001110000000000000000000000000 
01001110010000000000000000000000 
01001110100000000000000000000000 
01001110110000000000000000000000 
01001111000000000000000000000000 
01001111010000000000000000000000 
01001111100000000000000000000000 
01001111110000000000000000000000 
01010000000000000000000000000000 
01010000010000000000000000000000 
01010000100000000000000000000000 
01010000110000000000000000000000 
01010001000000000000000000000000 
01010001010000000000000000000000 
01010001100000000000000000000000 
01010001110000000000000000000000 
01010010000000000000000000000000 
01010010010000000000000000000000 
01010010100000000000000000000000 
01010010110000000000000000000000 
01010011000000000000000000000000 
01010011010000000000000000000000 
01010011100000000000000000000000 
01010011110000000000000000000000 
01010100000000000000000000000000 
01010100010000000000000000000000 
01010100100000000000000000000000 
01010100110000000000000000000000 
01010101000000000000000000000000 
01010101010000000000000000000000 
01010101100000000000000000000000 
01010101110000000000000000000000 
01010110000000000000000000000000 
01010110010000000000000000000000 
01010110100000000000000000000000 
01010110110000000000000000000000 
01010111000000000000000000000000 
01010111010000000000000000000000 
01010111100000000000000000000000 
01010111110000000000000000000000 
01011000000000000000000000000000 
01011000010000000000000000000000 
01011000100000000000000000000000 
01011000110000000000000000000000 
01011001000000000000000000000000 
01011001010000000000000000000000 
01011001100000000000000000000000 
01011001110000000000000000000000 
01011010000000000000000000000000 
